P=0.000005999998847983079
I=9.999999717180685e-10
D=0
F=0.00017600000137463212